-3.000000 1.650000 0.000000
-2.987110 1.650000 -0.098438
-2.987110 1.650000 0.098438
-2.985380 1.567320 -0.049219
-2.985380 1.567320 0.049219
-2.983500 1.483080 0.000000
-2.981890 1.723470 -0.049219
-2.981890 1.723470 0.049219
-2.976560 1.798530 0.000000
-2.970900 1.486210 -0.098438
-2.970900 1.486210 0.098438
-2.963880 1.795340 -0.098438
-2.963880 1.795340 0.098438
-2.962210 1.570170 -0.133594
-2.962210 1.570170 0.133594
-2.958640 1.720570 -0.133594
-2.958640 1.720570 0.133594
-2.953130 1.650000 -0.168750
-2.953130 1.650000 0.168750
-2.952470 1.403740 -0.049219
-2.952470 1.403740 0.049219
-2.937700 1.494470 -0.168750
-2.937700 1.494470 0.168750
-2.935230 1.852150 -0.049219
-2.935230 1.852150 0.049219
-2.933590 1.320120 0.000000
-2.930450 1.786930 -0.168750
-2.930450 1.786930 0.168750
-2.930370 1.411500 -0.133594
-2.930370 1.411500 0.133594
-2.921880 1.325530 -0.098438
-2.921880 1.325530 0.098438
-2.912780 1.844170 -0.133594
-2.912780 1.844170 0.133594
-2.906250 1.910160 0.000000
-2.894230 1.904570 -0.098438
-2.894230 1.904570 0.098438
-2.891380 1.579100 -0.196875
-2.891380 1.579100 0.196875
-2.890990 1.339800 -0.168750
-2.890990 1.339800 0.168750
-2.890650 1.712080 -0.196875
-2.890650 1.712080 0.196875
-2.883460 1.245790 -0.048343
-2.883460 1.245790 0.048343
-2.863460 1.257130 -0.132718
-2.863460 1.257130 0.132718
-2.862660 1.434830 -0.196875
-2.862660 1.434830 0.196875
-2.862550 1.889830 -0.168750
-2.862550 1.889830 0.168750
-2.850000 1.650000 -0.225000
-2.850000 1.650000 0.225000
-2.849710 1.161550 0.000000
-2.847100 1.820820 -0.196875
-2.847100 1.820820 0.196875
-2.841940 1.946920 -0.049219
-2.841940 1.946920 0.049219
-2.829000 1.761400 -0.225000
-2.829000 1.761400 0.225000
-2.828670 1.175980 -0.094933
-2.828670 1.175980 0.094933
-2.824700 1.521940 -0.225000
-2.824700 1.521940 0.225000
-2.821150 1.935200 -0.133594
-2.821150 1.935200 0.133594
-2.812310 1.187190 -0.168750
-2.812310 1.187190 0.168750
-2.805010 1.289970 -0.196875
-2.805010 1.289970 0.196875
-2.797270 1.383110 -0.225000
-2.797270 1.383110 0.225000
-2.789060 1.990140 0.000000
-2.788360 1.699320 -0.196875
-2.788360 1.699320 0.196875
-2.778210 1.982830 -0.098438
-2.778210 1.982830 0.098438
-2.774420 1.527380 -0.196875
-2.774420 1.527380 0.196875
-2.773560 1.098600 -0.084375
-2.773560 1.098600 0.084375
-2.766410 1.845120 -0.225000
-2.766410 1.845120 0.225000
-2.760340 1.900900 -0.196875
-2.760340 1.900900 0.196875
-2.749600 1.963560 -0.168750
-2.749600 1.963560 0.168750
-2.748310 1.785700 -0.196875
-2.748310 1.785700 0.196875
-2.746880 1.650000 -0.168750
-2.746880 1.650000 0.168750
-2.731250 1.007810 0.000000
-2.727560 1.735870 -0.168750
-2.727560 1.735870 0.168750
-2.720360 1.690830 -0.133594
-2.720360 1.690830 0.133594
-2.719480 1.249770 -0.225000
-2.719480 1.249770 0.225000
-2.716780 1.144680 -0.196875
-2.716780 1.144680 0.196875
-2.712890 1.650000 -0.098438
-2.712890 1.650000 0.098438
-2.708990 1.541770 -0.133594
-2.708990 1.541770 0.133594
-2.703540 1.426410 -0.168750
-2.703540 1.426410 0.168750
-2.700980 1.037840 -0.168750
-2.700980 1.037840 0.168750
-2.700000 1.650000 0.000000
-2.699650 2.010790 -0.048346
-2.699650 2.010790 0.048346
-2.697120 1.687930 -0.049219
-2.697120 1.687930 0.049219
-2.694130 1.727460 -0.098438
-2.694130 1.727460 0.098438
-2.686620 1.546690 -0.049219
-2.686620 1.546690 0.049219
-2.682630 1.762350 -0.133594
-2.682630 1.762350 0.133594
-2.681480 1.996460 -0.132721
-2.681480 1.996460 0.132721
-2.681440 1.724270 0.000000
-2.675740 1.270850 -0.196875
-2.675740 1.270850 0.196875
-2.672650 1.440680 -0.098438
-2.672650 1.440680 0.098438
-2.670260 1.800400 -0.168750
-2.670260 1.800400 0.168750
-2.667800 1.846230 -0.196875
-2.667800 1.846230 0.196875
-2.662790 1.905100 -0.225000
-2.662790 1.905100 0.225000
-2.660940 1.446090 0.000000
-2.660180 1.754370 -0.049219
-2.660180 1.754370 0.049219
-2.638580 1.785670 -0.098438
-2.638580 1.785670 0.098438
-2.634380 1.103910 -0.225000
-2.634380 1.103910 0.225000
-2.630740 1.956740 -0.196875
-2.630740 1.956740 0.196875
-2.626560 1.780080 0.000000
-2.625000 2.043750 0.000000
-2.624640 1.305020 -0.132813
-2.624640 1.305020 0.132813
-2.606420 1.317450 -0.048438
-2.606420 1.317450 0.048438
-2.606320 2.026440 -0.094945
-2.606320 2.026440 0.094945
-2.591800 2.012990 -0.168750
-2.591800 2.012990 0.168750
-2.571730 1.834290 -0.168750
-2.571730 1.834290 0.168750
-2.567770 1.169970 -0.168750
-2.567770 1.169970 0.168750
-2.554600 1.183040 -0.095315
-2.554600 1.183040 0.095315
-2.549750 1.890590 -0.196875
-2.549750 1.890590 0.196875
-2.549540 0.878984 -0.084375
-2.549540 0.878984 0.084375
-2.546430 1.831970 -0.132721
-2.546430 1.831970 0.132721
-2.537500 1.200000 0.000000
-2.527210 1.819200 -0.048346
-2.527210 1.819200 0.048346
-2.518750 1.945310 -0.225000
-2.518750 1.945310 0.225000
-2.516830 0.932671 -0.196875
-2.516830 0.932671 0.196875
-2.471840 1.006490 -0.196875
-2.471840 1.006490 0.196875
-2.445700 1.877640 -0.168750
-2.445700 1.877640 0.168750
-2.439130 1.060180 -0.084375
-2.439130 1.060180 0.084375
-2.431180 1.864180 -0.094945
-2.431180 1.864180 0.094945
-2.412500 1.846870 0.000000
-2.388280 0.716602 0.000000
-2.382250 0.737663 -0.095854
-2.382250 0.737663 0.095854
-2.378840 2.052020 -0.084375
-2.378840 2.052020 0.084375
-2.377660 0.753680 -0.168750
-2.377660 0.753680 0.168750
-2.364750 0.798761 -0.199836
-2.364750 0.798761 0.199836
-2.354300 0.835254 -0.225000
-2.354300 0.835254 0.225000
-2.343840 0.871747 -0.199836
-2.343840 0.871747 0.199836
-2.341150 1.999720 -0.196875
-2.341150 1.999720 0.196875
-2.330930 0.916827 -0.168750
-2.330930 0.916827 0.168750
-2.320310 0.953906 0.000000
-2.289320 1.927820 -0.196875
-2.289320 1.927820 0.196875
-2.251620 1.875520 -0.084375
-2.251620 1.875520 0.084375
-2.247410 0.882285 -0.084375
-2.247410 0.882285 0.084375
-2.173630 0.844043 0.000000
-2.168530 0.826951 -0.097184
-2.168530 0.826951 0.097184
-2.164770 0.814364 -0.168750
-2.164770 0.814364 0.168750
-2.156880 0.786694 -0.187068
-2.156880 0.786694 0.187068
-2.156250 2.092970 0.000000
-2.154120 0.740520 -0.215193
-2.154120 0.740520 0.215193
-2.150170 0.694734 -0.215193
-2.150170 0.694734 0.215193
-2.147420 0.648560 -0.187068
-2.147420 0.648560 0.187068
-2.144960 0.612777 -0.132948
-2.144960 0.612777 0.132948
-2.143710 0.591789 -0.048573
-2.143710 0.591789 0.048573
-2.142330 2.058360 -0.168750
-2.142330 2.058360 0.168750
-2.111720 1.982230 -0.225000
-2.111720 1.982230 0.225000
-2.084470 0.789526 -0.048905
-2.084470 0.789526 0.048905
-2.081100 1.906090 -0.168750
-2.081100 1.906090 0.168750
-2.078340 0.770387 -0.133280
-2.078340 0.770387 0.133280
-2.067190 1.871480 0.000000
-2.000000 0.750000 0.000000
-1.995700 0.737109 -0.098438
-1.995700 0.737109 0.098438
-1.984380 0.703125 -0.168750
-1.984380 0.703125 0.168750
-1.978520 0.591650 0.000000
-1.969370 0.670825 -0.202656
-1.969370 0.670825 0.202656
-1.968360 0.655078 -0.210938
-1.968360 0.655078 0.210938
-1.960000 0.750000 -0.407500
-1.960000 0.750000 0.407500
-1.958730 0.925195 -0.201561
-1.958730 0.925195 0.201561
-1.957030 1.100390 0.000000
-1.950000 0.600000 -0.225000
-1.950000 0.600000 0.225000
-1.938950 0.591650 -0.403123
-1.938950 0.591650 0.403123
-1.931640 0.544922 -0.210938
-1.931640 0.544922 0.210938
-1.930690 0.522583 -0.198676
-1.930690 0.522583 0.198676
-1.921880 0.453516 0.000000
-1.917890 1.100390 -0.398745
-1.917890 1.100390 0.398745
-1.915620 0.496875 -0.168750
-1.915620 0.496875 0.168750
-1.904300 0.462891 -0.098438
-1.904300 0.462891 0.098438
-1.900000 0.450000 0.000000
-1.892280 0.670825 -0.593047
-1.892280 0.670825 0.593047
-1.883440 0.453516 -0.391582
-1.883440 0.453516 0.391582
-1.882060 0.925195 -0.589845
-1.882060 0.925195 0.589845
-1.881390 1.286130 -0.193602
-1.881390 1.286130 0.193602
-1.855120 0.522583 -0.581402
-1.855120 0.522583 0.581402
-1.845000 0.750000 -0.785000
-1.845000 0.750000 0.785000
-1.843750 1.471870 0.000000
-1.833170 1.890680 -0.084375
-1.833170 1.890680 0.084375
-1.831800 1.946490 -0.196875
-1.831800 1.946490 0.196875
-1.829920 2.023230 -0.196875
-1.829920 2.023230 0.196875
-1.828550 2.079040 -0.084375
-1.828550 2.079040 0.084375
-1.825180 0.591650 -0.776567
-1.825180 0.591650 0.776567
-1.817580 0.343945 -0.187036
-1.817580 0.343945 0.187036
-1.807750 1.286130 -0.566554
-1.807750 1.286130 0.566554
-1.806870 1.471870 -0.375664
-1.806870 1.471870 0.375664
-1.805360 1.100390 -0.768135
-1.805360 1.100390 0.768135
-1.772930 0.453516 -0.754336
-1.772930 0.453516 0.754336
-1.750000 0.234375 0.000000
-1.746440 0.343945 -0.547339
-1.746440 0.343945 0.547339
-1.744330 0.670825 -0.949871
-1.744330 0.670825 0.949871
-1.734910 0.925195 -0.944741
-1.734910 0.925195 0.944741
-1.715000 0.234375 -0.356563
-1.715000 0.234375 0.356562
-1.710080 0.522583 -0.931218
-1.710080 0.522583 0.931218
-1.700860 1.471870 -0.723672
-1.700860 1.471870 0.723672
-1.666400 1.286130 -0.907437
-1.666400 1.286130 0.907437
-1.662500 0.750000 -1.125000
-1.662500 0.750000 1.125000
-1.655160 1.860940 -0.170322
-1.655160 1.860940 0.170322
-1.647420 0.159961 -0.169526
-1.647420 0.159961 0.169526
-1.644640 0.591650 -1.112920
-1.644640 0.591650 1.112920
-1.626780 1.100390 -1.100830
-1.626780 1.100390 1.100830
-1.614370 0.234375 -0.686875
-1.614370 0.234375 0.686875
-1.609890 0.343945 -0.876660
-1.609890 0.343945 0.876660
-1.600000 1.875000 0.000000
-1.597560 0.453516 -1.081060
-1.597560 0.453516 1.081060
-1.590370 1.860940 -0.498428
-1.590370 1.860940 0.498428
-1.584380 1.910160 -0.168750
-1.584380 1.910160 0.168750
-1.582940 0.159961 -0.496099
-1.582940 0.159961 0.496099
-1.578130 0.085547 0.000000
-1.550000 1.987500 -0.225000
-1.550000 1.987500 0.225000
-1.546560 0.085547 -0.321543
-1.546560 0.085547 0.321543
-1.532970 0.670825 -1.265670
-1.532970 0.670825 1.265670
-1.532620 1.471870 -1.037110
-1.532620 1.471870 1.037110
-1.524690 0.925195 -1.258830
-1.524690 0.925195 1.258830
-1.523670 0.042773 -0.156792
-1.523670 0.042773 0.156792
-1.515630 2.064840 -0.168750
-1.515630 2.064840 0.168750
-1.502870 0.522583 -1.240810
-1.502870 0.522583 1.240810
-1.500000 0.000000 0.000000
-1.500000 2.100000 0.000000
-1.500000 2.250000 0.000000
-1.470000 0.000000 -0.305625
-1.470000 0.000000 0.305625
-1.470000 2.250000 -0.305625
-1.470000 2.250000 0.305625
-1.466020 1.860940 -0.798320
-1.466020 1.860940 0.798320
-1.464490 1.286130 -1.209120
-1.464490 1.286130 1.209120
-1.464030 0.042773 -0.458833
-1.464030 0.042773 0.458833
-1.459860 2.286910 -0.150226
-1.459860 2.286910 0.150226
-1.459170 0.159961 -0.794590
-1.459170 0.159961 0.794590
-1.455820 0.085547 -0.619414
-1.455820 0.085547 0.619414
-1.454690 0.234375 -0.984375
-1.454690 0.234375 0.984375
-1.449220 2.323830 0.000000
-1.420230 2.323830 -0.295278
-1.420230 2.323830 0.295278
-1.420000 0.750000 -1.420000
-1.420000 0.750000 1.420000
-1.414820 0.343945 -1.168120
-1.414820 0.343945 1.168120
-1.411910 2.336130 -0.145291
-1.411910 2.336130 0.145291
-1.404750 0.591650 -1.404750
-1.404750 0.591650 1.404750
-1.403130 2.348440 0.000000
-1.402720 2.286910 -0.439618
-1.402720 2.286910 0.439618
-1.400000 2.250000 0.000000
-1.389490 1.100390 -1.389490
-1.389490 1.100390 1.389490
-1.383750 0.000000 -0.588750
-1.383750 0.000000 0.588750
-1.383750 2.250000 -0.588750
-1.383750 2.250000 0.588750
-1.380470 2.323830 0.000000
-1.377880 2.336130 -0.141789
-1.377880 2.336130 0.141789
-1.376330 2.286910 -0.141630
-1.376330 2.286910 0.141630
-1.375060 2.348440 -0.285887
-1.375060 2.348440 0.285887
-1.372000 2.250000 -0.285250
-1.372000 2.250000 0.285250
-1.364530 0.453516 -1.364530
-1.364530 0.453516 1.364530
-1.356650 2.336130 -0.425177
-1.356650 2.336130 0.425177
-1.352860 2.323830 -0.281271
-1.352860 2.323830 0.281271
-1.349570 0.042773 -0.734902
-1.349570 0.042773 0.734902
-1.336900 2.323830 -0.568818
-1.336900 2.323830 0.568818
-1.323950 2.336130 -0.414929
-1.323950 2.336130 0.414929
-1.322460 2.286910 -0.414464
-1.322460 2.286910 0.414464
-1.311820 0.085547 -0.887695
-1.311820 0.085547 0.887695
-1.309060 1.471870 -1.309060
-1.309060 1.471870 1.309060
-1.300000 2.250000 0.000000
-1.294380 2.348440 -0.550727
-1.294380 2.348440 0.550727
-1.293050 2.286910 -0.704126
-1.293050 2.286910 0.704126
-1.291500 2.250000 -0.549500
-1.291500 2.250000 0.549500
-1.288390 1.860940 -1.063730
-1.288390 1.860940 1.063730
-1.282370 0.159961 -1.058760
-1.282370 0.159961 1.058760
-1.274000 2.250000 -0.264875
-1.274000 2.250000 0.264875
-1.273480 2.323830 -0.541834
-1.273480 2.323830 0.541834
-1.267660 2.274900 -0.130448
-1.267660 2.274900 0.130448
-1.265670 0.670825 -1.532970
-1.265670 0.670825 1.532970
-1.260940 2.299800 0.000000
-1.258830 0.925195 -1.524690
-1.258830 0.925195 1.524690
-1.250570 2.336130 -0.680997
-1.250570 2.336130 0.680997
-1.246880 0.000000 -0.843750
-1.246880 0.000000 0.843750
-1.246880 2.250000 -0.843750
-1.246880 2.250000 0.843750
-1.242500 0.234375 -1.242500
-1.242500 0.234375 1.242500
-1.240810 0.522583 -1.502870
-1.240810 0.522583 1.502870
-1.235720 2.299800 -0.256916
-1.235720 2.299800 0.256916
-1.220430 2.336130 -0.664583
-1.220430 2.336130 0.664583
-1.219060 2.286910 -0.663837
-1.219060 2.286910 0.663837
-1.218050 2.274900 -0.381740
-1.218050 2.274900 0.381740
-1.209120 1.286130 -1.464490
-1.209120 1.286130 1.464490
-1.204660 2.323830 -0.815186
-1.204660 2.323830 0.815186
-1.199250 2.250000 -0.510250
-1.199250 2.250000 0.510250
-1.196510 2.319430 -0.123125
-1.196510 2.319430 0.123125
-1.186040 0.042773 -0.979229
-1.186040 0.042773 0.979229
-1.168120 0.343945 -1.414820
-1.168120 0.343945 1.414820
-1.166350 2.348440 -0.789258
-1.166350 2.348440 0.789258
-1.163750 2.250000 -0.787500
-1.163750 2.250000 0.787500
-1.163220 2.299800 -0.494918
-1.163220 2.299800 0.494918
-1.156250 2.339060 0.000000
-1.149680 2.319430 -0.360312
-1.149680 2.319430 0.360312
-1.147520 2.323830 -0.776514
-1.147520 2.323830 0.776514
-1.136370 2.286910 -0.938220
-1.136370 2.286910 0.938220
-1.133120 2.339060 -0.235586
-1.133120 2.339060 0.235586
-1.125000 0.750000 -1.662500
-1.125000 0.750000 1.662500
-1.122810 2.274900 -0.611424
-1.122810 2.274900 0.611424
-1.120470 0.085547 -1.120470
-1.120470 0.085547 1.120470
-1.112920 0.591650 -1.644640
-1.112920 0.591650 1.644640
-1.100830 1.100390 -1.626780
-1.100830 1.100390 1.626780
-1.099040 2.336130 -0.907402
-1.099040 2.336130 0.907402
-1.081060 0.453516 -1.597560
-1.081060 0.453516 1.597560
-1.080630 2.250000 -0.731250
-1.080630 2.250000 0.731250
-1.072550 2.336130 -0.885531
-1.072550 2.336130 0.885531
-1.071350 2.286910 -0.884537
-1.071350 2.286910 0.884537
-1.066640 2.339060 -0.453828
-1.066640 2.339060 0.453828
-1.065000 0.000000 -1.065000
-1.065000 0.000000 1.065000
-1.065000 2.250000 -1.065000
-1.065000 2.250000 1.065000
-1.063730 1.860940 -1.288390
-1.063730 1.860940 1.288390
-1.059790 2.319430 -0.577104
-1.059790 2.319430 0.577104
-1.058760 0.159961 -1.282370
-1.058760 0.159961 1.282370
-1.048150 2.299800 -0.709277
-1.048150 2.299800 0.709277
-1.037110 1.471870 -1.532620
-1.037110 1.471870 1.532620
-1.028940 2.323830 -1.028940
-1.028940 2.323830 1.028940
-0.996219 2.348440 -0.996219
-0.996219 2.348440 0.996219
-0.994000 2.250000 -0.994000
-0.994000 2.250000 0.994000
-0.986761 2.274900 -0.814698
-0.986761 2.274900 0.814698
-0.984375 0.234375 -1.454690
-0.984375 0.234375 1.454690
-0.980719 2.369530 -0.100920
-0.980719 2.369530 0.100920
-0.980133 2.323830 -0.980133
-0.980133 2.323830 0.980133
-0.979229 0.042773 -1.186040
-0.979229 0.042773 1.186040
-0.961133 2.339060 -0.650391
-0.961133 2.339060 0.650391
-0.949871 0.670825 -1.744330
-0.949871 0.670825 1.744330
-0.944741 0.925195 -1.734910
-0.944741 0.925195 1.734910
-0.942332 2.369530 -0.295330
-0.942332 2.369530 0.295330
-0.938220 2.286910 -1.136370
-0.938220 2.286910 1.136370
-0.931373 2.319430 -0.768968
-0.931373 2.319430 0.768968
-0.931218 0.522583 -1.710080
-0.931218 0.522583 1.710080
-0.923000 2.250000 -0.923000
-0.923000 2.250000 0.923000
-0.907437 1.286130 -1.666400
-0.907437 1.286130 1.666400
-0.907402 2.336130 -1.099040
-0.907402 2.336130 1.099040
-0.895266 2.299800 -0.895266
-0.895266 2.299800 0.895266
-0.887695 0.085547 -1.311820
-0.887695 0.085547 1.311820
-0.885531 2.336130 -1.072550
-0.885531 2.336130 1.072550
-0.884537 2.286910 -1.071350
-0.884537 2.286910 1.071350
-0.876660 0.343945 -1.609890
-0.876660 0.343945 1.609890
-0.868654 2.369530 -0.473023
-0.868654 2.369530 0.473023
-0.843750 0.000000 -1.246880
-0.843750 0.000000 1.246880
-0.843750 2.250000 -1.246880
-0.843750 2.250000 1.246880
-0.825000 2.400000 0.000000
-0.820938 2.339060 -0.820938
-0.820938 2.339060 0.820938
-0.815186 2.323830 -1.204660
-0.815186 2.323830 1.204660
-0.814698 2.274900 -0.986761
-0.814698 2.274900 0.986761
-0.808500 2.400000 -0.168094
-0.808500 2.400000 0.168094
-0.798320 1.860940 -1.466020
-0.798320 1.860940 1.466020
-0.794590 0.159961 -1.459170
-0.794590 0.159961 1.459170
-0.789258 2.348440 -1.166350
-0.789258 2.348440 1.166350
-0.787500 2.250000 -1.163750
-0.787500 2.250000 1.163750
-0.785000 0.750000 -1.845000
-0.785000 0.750000 1.845000
-0.776567 0.591650 -1.825180
-0.776567 0.591650 1.825180
-0.776514 2.323830 -1.147520
-0.776514 2.323830 1.147520
-0.768968 2.319430 -0.931373
-0.768968 2.319430 0.931373
-0.768135 1.100390 -1.805360
-0.768135 1.100390 1.805360
-0.763400 2.369530 -0.630285
-0.763400 2.369530 0.630285
-0.761063 2.400000 -0.323813
-0.761063 2.400000 0.323813
-0.754336 0.453516 -1.772930
-0.754336 0.453516 1.772930
-0.734902 0.042773 -1.349570
-0.734902 0.042773 1.349570
-0.731250 2.250000 -1.080630
-0.731250 2.250000 1.080630
-0.723672 1.471870 -1.700860
-0.723672 1.471870 1.700860
-0.709277 2.299800 -1.048150
-0.709277 2.299800 1.048150
-0.704126 2.286910 -1.293050
-0.704126 2.286910 1.293050
-0.686875 0.234375 -1.614370
-0.686875 0.234375 1.614370
-0.685781 2.400000 -0.464063
-0.685781 2.400000 0.464063
-0.680997 2.336130 -1.250570
-0.680997 2.336130 1.250570
-0.664583 2.336130 -1.220430
-0.664583 2.336130 1.220430
-0.663837 2.286910 -1.219060
-0.663837 2.286910 1.219060
-0.650391 2.339060 -0.961133
-0.650391 2.339060 0.961133
-0.631998 2.430470 -0.064825
-0.631998 2.430470 0.064825
-0.630285 2.369530 -0.763400
-0.630285 2.369530 0.763400
-0.619414 0.085547 -1.455820
-0.619414 0.085547 1.455820
-0.611424 2.274900 -1.122810
-0.611424 2.274900 1.122810
-0.607174 2.430470 -0.190548
-0.607174 2.430470 0.190548
-0.593047 0.670825 -1.892280
-0.593047 0.670825 1.892280
-0.589845 0.925195 -1.882060
-0.589845 0.925195 1.882060
-0.588750 0.000000 -1.383750
-0.588750 0.000000 1.383750
-0.588750 2.250000 -1.383750
-0.588750 2.250000 1.383750
-0.585750 2.400000 -0.585750
-0.585750 2.400000 0.585750
-0.581402 0.522583 -1.855120
-0.581402 0.522583 1.855120
-0.577104 2.319430 -1.059790
-0.577104 2.319430 1.059790
-0.568818 2.323830 -1.336900
-0.568818 2.323830 1.336900
-0.566554 1.286130 -1.807750
-0.566554 1.286130 1.807750
-0.559973 2.430470 -0.304711
-0.559973 2.430470 0.304711
-0.550727 2.348440 -1.294380
-0.550727 2.348440 1.294380
-0.549500 2.250000 -1.291500
-0.549500 2.250000 1.291500
-0.547339 0.343945 -1.746440
-0.547339 0.343945 1.746440
-0.541834 2.323830 -1.273480
-0.541834 2.323830 1.273480
-0.510250 2.250000 -1.199250
-0.510250 2.250000 1.199250
-0.498428 1.860940 -1.590370
-0.498428 1.860940 1.590370
-0.496099 0.159961 -1.582940
-0.496099 0.159961 1.582940
-0.494918 2.299800 -1.163220
-0.494918 2.299800 1.163220
-0.491907 2.430470 -0.406410
-0.491907 2.430470 0.406410
-0.473023 2.369530 -0.868654
-0.473023 2.369530 0.868654
-0.464063 2.400000 -0.685781
-0.464063 2.400000 0.685781
-0.458833 0.042773 -1.464030
-0.458833 0.042773 1.464030
-0.456250 2.460940 0.000000
-0.453828 2.339060 -1.066640
-0.453828 2.339060 1.066640
-0.439618 2.286910 -1.402720
-0.439618 2.286910 1.402720
-0.438241 2.460940 -0.091207
-0.438241 2.460940 0.091207
-0.425177 2.336130 -1.356650
-0.425177 2.336130 1.356650
-0.420891 2.460940 -0.179078
-0.420891 2.460940 0.179078
-0.414929 2.336130 -1.323950
-0.414929 2.336130 1.323950
-0.414464 2.286910 -1.322460
-0.414464 2.286910 1.322460
-0.407500 0.750000 -1.960000
-0.407500 0.750000 1.960000
-0.406410 2.430470 -0.491907
-0.406410 2.430470 0.491907
-0.403123 0.591650 -1.938950
-0.403123 0.591650 1.938950
-0.398745 1.100390 -1.917890
-0.398745 1.100390 1.917890
-0.391582 0.453516 -1.883440
-0.391582 0.453516 1.883440
-0.381740 2.274900 -1.218050
-0.381740 2.274900 1.218050
-0.375664 1.471870 -1.806870
-0.375664 1.471870 1.806870
-0.372159 2.460940 -0.251889
-0.372159 2.460940 0.251889
-0.362109 2.897170 0.000000
-0.360312 2.319430 -1.149680
-0.360312 2.319430 1.149680
-0.356563 0.234375 1.715000
-0.356562 0.234375 -1.715000
-0.340625 2.950780 0.000000
-0.337859 2.923970 -0.069278
-0.337859 2.923970 0.069278
-0.334238 2.897170 -0.142705
-0.334238 2.897170 0.142705
-0.330325 2.864210 -0.067672
-0.330325 2.864210 0.067672
-0.325000 2.831250 0.000000
-0.323938 2.460940 -0.323938
-0.323938 2.460940 0.323938
-0.323813 2.400000 -0.761063
-0.323813 2.400000 0.761063
-0.321543 0.085547 -1.546560
-0.321543 0.085547 1.546560
-0.315410 2.505470 -0.064395
-0.315410 2.505470 0.064395
-0.314464 2.950780 -0.134407
-0.314464 2.950780 0.134407
-0.305625 0.000000 -1.470000
-0.305625 0.000000 1.470000
-0.305625 2.250000 -1.470000
-0.305625 2.250000 1.470000
-0.304711 2.430470 -0.559973
-0.304711 2.430470 0.559973
-0.299953 2.831250 -0.127984
-0.299953 2.831250 0.127984
-0.295330 2.369530 -0.942332
-0.295330 2.369530 0.942332
-0.295278 2.323830 -1.420230
-0.295278 2.323830 1.420230
-0.287197 2.923970 -0.194300
-0.287197 2.923970 0.194300
-0.285887 2.348440 -1.375060
-0.285887 2.348440 1.375060
-0.285250 2.250000 -1.372000
-0.285250 2.250000 1.372000
-0.281271 2.323830 -1.352860
-0.281271 2.323830 1.352860
-0.280732 2.864210 -0.189856
-0.280732 2.864210 0.189856
-0.274421 2.968800 -0.056380
-0.274421 2.968800 0.056380
-0.267832 2.505470 -0.180879
-0.267832 2.505470 0.180879
-0.264875 2.250000 -1.274000
-0.264875 2.250000 1.274000
-0.257610 2.897170 -0.257610
-0.257610 2.897170 0.257610
-0.256916 2.299800 -1.235720
-0.256916 2.299800 1.235720
-0.251889 2.460940 -0.372159
-0.251889 2.460940 0.372159
-0.250872 2.757420 -0.051347
-0.250872 2.757420 0.051347
-0.242477 2.950780 -0.242477
-0.242477 2.950780 0.242477
-0.235586 2.339060 -1.133120
-0.235586 2.339060 1.133120
-0.233382 2.968800 -0.158018
-0.233382 2.968800 0.158018
-0.231125 2.831250 -0.231125
-0.231125 2.831250 0.231125
-0.230078 2.986820 0.000000
-0.213159 2.757420 -0.144103
-0.213159 2.757420 0.144103
-0.212516 2.986820 -0.091113
-0.212516 2.986820 0.091113
-0.202656 0.670825 -1.969370
-0.202656 0.670825 1.969370
-0.201561 0.925195 -1.958730
-0.201561 0.925195 1.958730
-0.200000 2.550000 0.000000
-0.198676 0.522583 -1.930690
-0.198676 0.522583 1.930690
-0.196875 2.683590 0.000000
-0.194300 2.923970 -0.287197
-0.194300 2.923970 0.287197
-0.193602 1.286130 -1.881390
-0.193602 1.286130 1.881390
-0.190548 2.430470 -0.607174
-0.190548 2.430470 0.607174
-0.189856 2.864210 -0.280732
-0.189856 2.864210 0.280732
-0.187036 0.343945 -1.817580
-0.187036 0.343945 1.817580
-0.184500 2.550000 -0.078500
-0.184500 2.550000 0.078500
-0.181661 2.683590 -0.077405
-0.181661 2.683590 0.077405
-0.180879 2.505470 -0.267832
-0.180879 2.505470 0.267832
-0.179078 2.460940 -0.420891
-0.179078 2.460940 0.420891
-0.176295 2.581200 -0.036001
-0.176295 2.581200 0.036001
-0.174804 2.648000 -0.035727
-0.174804 2.648000 0.035727
-0.170322 1.860940 -1.655160
-0.170322 1.860940 1.655160
-0.169526 0.159961 -1.647420
-0.169526 0.159961 1.647420
-0.168094 2.400000 -0.808500
-0.168094 2.400000 0.808500
-0.166797 2.612400 0.000000
-0.164073 2.986820 -0.164073
-0.164073 2.986820 0.164073
-0.158018 2.968800 -0.233382
-0.158018 2.968800 0.233382
-0.156792 0.042773 -1.523670
-0.156792 0.042773 1.523670
-0.153882 2.612400 -0.065504
-0.153882 2.612400 0.065504
-0.150226 2.286910 -1.459860
-0.150226 2.286910 1.459860
-0.149710 2.581200 -0.101116
-0.149710 2.581200 0.101116
-0.148475 2.648000 -0.100316
-0.148475 2.648000 0.100316
-0.145291 2.336130 -1.411910
-0.145291 2.336130 1.411910
-0.144103 2.757420 -0.213159
-0.144103 2.757420 0.213159
-0.142705 2.897170 -0.334238
-0.142705 2.897170 0.334238
-0.142000 2.550000 -0.142000
-0.142000 2.550000 0.142000
-0.141789 2.336130 -1.377880
-0.141789 2.336130 1.377880
-0.141630 2.286910 -1.376330
-0.141630 2.286910 1.376330
-0.139898 2.683590 -0.139898
-0.139898 2.683590 0.139898
-0.134407 2.950780 -0.314464
-0.134407 2.950780 0.314464
-0.130448 2.274900 -1.267660
-0.130448 2.274900 1.267660
-0.127984 2.831250 -0.299953
-0.127984 2.831250 0.299953
-0.123125 2.319430 -1.196510
-0.123125 2.319430 1.196510
-0.118458 2.612400 -0.118458
-0.118458 2.612400 0.118458
-0.110649 2.993410 -0.022778
-0.110649 2.993410 0.022778
-0.101116 2.581200 -0.149710
-0.101116 2.581200 0.149710
-0.100920 2.369530 -0.980719
-0.100920 2.369530 0.980719
-0.100316 2.648000 -0.148475
-0.100316 2.648000 0.148475
-0.094147 2.993410 -0.063797
-0.094147 2.993410 0.063797
-0.091207 2.460940 -0.438241
-0.091207 2.460940 0.438241
-0.091113 2.986820 -0.212516
-0.091113 2.986820 0.212516
-0.078500 2.550000 -0.184500
-0.078500 2.550000 0.184500
-0.077405 2.683590 -0.181661
-0.077405 2.683590 0.181661
-0.069278 2.923970 -0.337859
-0.069278 2.923970 0.337859
-0.067672 2.864210 -0.330325
-0.067672 2.864210 0.330325
-0.065504 2.612400 -0.153882
-0.065504 2.612400 0.153882
-0.064825 2.430470 -0.631998
-0.064825 2.430470 0.631998
-0.064395 2.505470 -0.315410
-0.064395 2.505470 0.315410
-0.063797 2.993410 -0.094147
-0.063797 2.993410 0.094147
-0.056380 2.968800 -0.274421
-0.056380 2.968800 0.274421
-0.051347 2.757420 -0.250872
-0.051347 2.757420 0.250872
-0.036001 2.581200 -0.176295
-0.036001 2.581200 0.176295
-0.035727 2.648000 -0.174804
-0.035727 2.648000 0.174804
-0.022778 2.993410 -0.110649
-0.022778 2.993410 0.110649
0.000000 0.000000 -1.500000
0.000000 0.000000 1.500000
0.000000 0.085547 -1.578130
0.000000 0.085547 1.578130
0.000000 0.234375 -1.750000
0.000000 0.234375 1.750000
0.000000 0.453516 -1.921880
0.000000 0.453516 1.921880
0.000000 0.591650 -1.978520
0.000000 0.591650 1.978520
0.000000 0.750000 -2.000000
0.000000 0.750000 2.000000
0.000000 1.100390 -1.957030
0.000000 1.100390 1.957030
0.000000 1.471870 -1.843750
0.000000 1.471870 1.843750
0.000000 2.250000 -1.500000
0.000000 2.250000 -1.400000
0.000000 2.250000 -1.300000
0.000000 2.250000 1.300000
0.000000 2.250000 1.400000
0.000000 2.250000 1.500000
0.000000 2.299800 -1.260940
0.000000 2.299800 1.260940
0.000000 2.323830 -1.449220
0.000000 2.323830 -1.380470
0.000000 2.323830 1.380470
0.000000 2.323830 1.449220
0.000000 2.339060 -1.156250
0.000000 2.339060 1.156250
0.000000 2.348440 -1.403130
0.000000 2.348440 1.403130
0.000000 2.400000 -0.825000
0.000000 2.400000 0.825000
0.000000 2.460940 -0.456250
0.000000 2.460940 0.456250
0.000000 2.550000 -0.200000
0.000000 2.550000 0.200000
0.000000 2.612400 -0.166797
0.000000 2.612400 0.166797
0.000000 2.683590 -0.196875
0.000000 2.683590 0.196875
0.000000 2.831250 -0.325000
0.000000 2.831250 0.325000
0.000000 2.897170 -0.362109
0.000000 2.897170 0.362109
0.000000 2.950780 -0.340625
0.000000 2.950780 0.340625
0.000000 2.986820 -0.230078
0.000000 2.986820 0.230078
0.000000 3.000000 0.000000
0.022778 2.993410 -0.110649
0.022778 2.993410 0.110649
0.035727 2.648000 -0.174804
0.035727 2.648000 0.174804
0.036001 2.581200 -0.176295
0.036001 2.581200 0.176295
0.051347 2.757420 -0.250872
0.051347 2.757420 0.250872
0.056380 2.968800 -0.274421
0.056380 2.968800 0.274421
0.063797 2.993410 -0.094147
0.063797 2.993410 0.094147
0.064395 2.505470 -0.315410
0.064395 2.505470 0.315410
0.064825 2.430470 -0.631998
0.064825 2.430470 0.631998
0.065504 2.612400 -0.153882
0.065504 2.612400 0.153882
0.067672 2.864210 -0.330325
0.067672 2.864210 0.330325
0.069278 2.923970 -0.337859
0.069278 2.923970 0.337859
0.077405 2.683590 -0.181661
0.077405 2.683590 0.181661
0.078500 2.550000 -0.184500
0.078500 2.550000 0.184500
0.091113 2.986820 -0.212516
0.091113 2.986820 0.212516
0.091207 2.460940 -0.438241
0.091207 2.460940 0.438241
0.094147 2.993410 -0.063797
0.094147 2.993410 0.063797
0.100316 2.648000 -0.148475
0.100316 2.648000 0.148475
0.100920 2.369530 -0.980719
0.100920 2.369530 0.980719
0.101116 2.581200 -0.149710
0.101116 2.581200 0.149710
0.110649 2.993410 -0.022778
0.110649 2.993410 0.022778
0.118458 2.612400 -0.118458
0.118458 2.612400 0.118458
0.123125 2.319430 -1.196510
0.123125 2.319430 1.196510
0.127984 2.831250 -0.299953
0.127984 2.831250 0.299953
0.130448 2.274900 -1.267660
0.130448 2.274900 1.267660
0.134407 2.950780 -0.314464
0.134407 2.950780 0.314464
0.139898 2.683590 -0.139898
0.139898 2.683590 0.139898
0.141630 2.286910 -1.376330
0.141630 2.286910 1.376330
0.141789 2.336130 -1.377880
0.141789 2.336130 1.377880
0.142000 2.550000 -0.142000
0.142000 2.550000 0.142000
0.142705 2.897170 -0.334238
0.142705 2.897170 0.334238
0.144103 2.757420 -0.213159
0.144103 2.757420 0.213159
0.145291 2.336130 -1.411910
0.145291 2.336130 1.411910
0.148475 2.648000 -0.100316
0.148475 2.648000 0.100316
0.149710 2.581200 -0.101116
0.149710 2.581200 0.101116
0.150226 2.286910 -1.459860
0.150226 2.286910 1.459860
0.153882 2.612400 -0.065504
0.153882 2.612400 0.065504
0.156792 0.042773 -1.523670
0.156792 0.042773 1.523670
0.158018 2.968800 -0.233382
0.158018 2.968800 0.233382
0.164073 2.986820 -0.164073
0.164073 2.986820 0.164073
0.166797 2.612400 0.000000
0.168094 2.400000 -0.808500
0.168094 2.400000 0.808500
0.169526 0.159961 -1.647420
0.169526 0.159961 1.647420
0.170322 1.860940 -1.655160
0.170322 1.860940 1.655160
0.174804 2.648000 -0.035727
0.174804 2.648000 0.035727
0.176295 2.581200 -0.036001
0.176295 2.581200 0.036001
0.179078 2.460940 -0.420891
0.179078 2.460940 0.420891
0.180879 2.505470 -0.267832
0.180879 2.505470 0.267832
0.181661 2.683590 -0.077405
0.181661 2.683590 0.077405
0.184500 2.550000 -0.078500
0.184500 2.550000 0.078500
0.187036 0.343945 -1.817580
0.187036 0.343945 1.817580
0.189856 2.864210 -0.280732
0.189856 2.864210 0.280732
0.190548 2.430470 -0.607174
0.190548 2.430470 0.607174
0.193602 1.286130 -1.881390
0.193602 1.286130 1.881390
0.194300 2.923970 -0.287197
0.194300 2.923970 0.287197
0.196875 2.683590 0.000000
0.198676 0.522583 -1.930690
0.198676 0.522583 1.930690
0.200000 2.550000 0.000000
0.201561 0.925195 -1.958730
0.201561 0.925195 1.958730
0.202656 0.670825 -1.969370
0.202656 0.670825 1.969370
0.212516 2.986820 -0.091113
0.212516 2.986820 0.091113
0.213159 2.757420 -0.144103
0.213159 2.757420 0.144103
0.230078 2.986820 0.000000
0.231125 2.831250 -0.231125
0.231125 2.831250 0.231125
0.233382 2.968800 -0.158018
0.233382 2.968800 0.158018
0.235586 2.339060 -1.133120
0.235586 2.339060 1.133120
0.242477 2.950780 -0.242477
0.242477 2.950780 0.242477
0.250872 2.757420 -0.051347
0.250872 2.757420 0.051347
0.251889 2.460940 -0.372159
0.251889 2.460940 0.372159
0.256916 2.299800 -1.235720
0.256916 2.299800 1.235720
0.257610 2.897170 -0.257610
0.257610 2.897170 0.257610
0.264875 2.250000 -1.274000
0.264875 2.250000 1.274000
0.267832 2.505470 -0.180879
0.267832 2.505470 0.180879
0.274421 2.968800 -0.056380
0.274421 2.968800 0.056380
0.280732 2.864210 -0.189856
0.280732 2.864210 0.189856
0.281271 2.323830 -1.352860
0.281271 2.323830 1.352860
0.285250 2.250000 -1.372000
0.285250 2.250000 1.372000
0.285887 2.348440 -1.375060
0.285887 2.348440 1.375060
0.287197 2.923970 -0.194300
0.287197 2.923970 0.194300
0.295278 2.323830 -1.420230
0.295278 2.323830 1.420230
0.295330 2.369530 -0.942332
0.295330 2.369530 0.942332
0.299953 2.831250 -0.127984
0.299953 2.831250 0.127984
0.304711 2.430470 -0.559973
0.304711 2.430470 0.559973
0.305625 0.000000 -1.470000
0.305625 0.000000 1.470000
0.305625 2.250000 -1.470000
0.305625 2.250000 1.470000
0.314464 2.950780 -0.134407
0.314464 2.950780 0.134407
0.315410 2.505470 -0.064395
0.315410 2.505470 0.064395
0.321543 0.085547 -1.546560
0.321543 0.085547 1.546560
0.323813 2.400000 -0.761063
0.323813 2.400000 0.761063
0.323938 2.460940 -0.323938
0.323938 2.460940 0.323938
0.325000 2.831250 0.000000
0.330325 2.864210 -0.067672
0.330325 2.864210 0.067672
0.334238 2.897170 -0.142705
0.334238 2.897170 0.142705
0.337859 2.923970 -0.069278
0.337859 2.923970 0.069278
0.340625 2.950780 0.000000
0.356562 0.234375 1.715000
0.356563 0.234375 -1.715000
0.360312 2.319430 -1.149680
0.360312 2.319430 1.149680
0.362109 2.897170 0.000000
0.372159 2.460940 -0.251889
0.372159 2.460940 0.251889
0.375664 1.471870 -1.806870
0.375664 1.471870 1.806870
0.381740 2.274900 -1.218050
0.381740 2.274900 1.218050
0.391582 0.453516 -1.883440
0.391582 0.453516 1.883440
0.398745 1.100390 -1.917890
0.398745 1.100390 1.917890
0.403123 0.591650 -1.938950
0.403123 0.591650 1.938950
0.406410 2.430470 -0.491907
0.406410 2.430470 0.491907
0.407500 0.750000 -1.960000
0.407500 0.750000 1.960000
0.414464 2.286910 -1.322460
0.414464 2.286910 1.322460
0.414929 2.336130 -1.323950
0.414929 2.336130 1.323950
0.420891 2.460940 -0.179078
0.420891 2.460940 0.179078
0.425177 2.336130 -1.356650
0.425177 2.336130 1.356650
0.438241 2.460940 -0.091207
0.438241 2.460940 0.091207
0.439618 2.286910 -1.402720
0.439618 2.286910 1.402720
0.453828 2.339060 -1.066640
0.453828 2.339060 1.066640
0.456250 2.460940 0.000000
0.458833 0.042773 -1.464030
0.458833 0.042773 1.464030
0.464063 2.400000 -0.685781
0.464063 2.400000 0.685781
0.473023 2.369530 -0.868654
0.473023 2.369530 0.868654
0.491907 2.430470 -0.406410
0.491907 2.430470 0.406410
0.494918 2.299800 -1.163220
0.494918 2.299800 1.163220
0.496099 0.159961 -1.582940
0.496099 0.159961 1.582940
0.498428 1.860940 -1.590370
0.498428 1.860940 1.590370
0.510250 2.250000 -1.199250
0.510250 2.250000 1.199250
0.541834 2.323830 -1.273480
0.541834 2.323830 1.273480
0.547339 0.343945 -1.746440
0.547339 0.343945 1.746440
0.549500 2.250000 -1.291500
0.549500 2.250000 1.291500
0.550727 2.348440 -1.294380
0.550727 2.348440 1.294380
0.559973 2.430470 -0.304711
0.559973 2.430470 0.304711
0.566554 1.286130 -1.807750
0.566554 1.286130 1.807750
0.568818 2.323830 -1.336900
0.568818 2.323830 1.336900
0.577104 2.319430 -1.059790
0.577104 2.319430 1.059790
0.581402 0.522583 -1.855120
0.581402 0.522583 1.855120
0.585750 2.400000 -0.585750
0.585750 2.400000 0.585750
0.588750 0.000000 -1.383750
0.588750 0.000000 1.383750
0.588750 2.250000 -1.383750
0.588750 2.250000 1.383750
0.589845 0.925195 -1.882060
0.589845 0.925195 1.882060
0.593047 0.670825 -1.892280
0.593047 0.670825 1.892280
0.607174 2.430470 -0.190548
0.607174 2.430470 0.190548
0.611424 2.274900 -1.122810
0.611424 2.274900 1.122810
0.619414 0.085547 -1.455820
0.619414 0.085547 1.455820
0.630285 2.369530 -0.763400
0.630285 2.369530 0.763400
0.631998 2.430470 -0.064825
0.631998 2.430470 0.064825
0.650391 2.339060 -0.961133
0.650391 2.339060 0.961133
0.663837 2.286910 -1.219060
0.663837 2.286910 1.219060
0.664583 2.336130 -1.220430
0.664583 2.336130 1.220430
0.680997 2.336130 -1.250570
0.680997 2.336130 1.250570
0.685781 2.400000 -0.464063
0.685781 2.400000 0.464063
0.686875 0.234375 -1.614370
0.686875 0.234375 1.614370
0.704126 2.286910 -1.293050
0.704126 2.286910 1.293050
0.709277 2.299800 -1.048150
0.709277 2.299800 1.048150
0.723672 1.471870 -1.700860
0.723672 1.471870 1.700860
0.731250 2.250000 -1.080630
0.731250 2.250000 1.080630
0.734902 0.042773 -1.349570
0.734902 0.042773 1.349570
0.754336 0.453516 -1.772930
0.754336 0.453516 1.772930
0.761063 2.400000 -0.323813
0.761063 2.400000 0.323813
0.763400 2.369530 -0.630285
0.763400 2.369530 0.630285
0.768135 1.100390 -1.805360
0.768135 1.100390 1.805360
0.768968 2.319430 -0.931373
0.768968 2.319430 0.931373
0.776514 2.323830 -1.147520
0.776514 2.323830 1.147520
0.776567 0.591650 -1.825180
0.776567 0.591650 1.825180
0.785000 0.750000 -1.845000
0.785000 0.750000 1.845000
0.787500 2.250000 -1.163750
0.787500 2.250000 1.163750
0.789258 2.348440 -1.166350
0.789258 2.348440 1.166350
0.794590 0.159961 -1.459170
0.794590 0.159961 1.459170
0.798320 1.860940 -1.466020
0.798320 1.860940 1.466020
0.808500 2.400000 -0.168094
0.808500 2.400000 0.168094
0.814698 2.274900 -0.986761
0.814698 2.274900 0.986761
0.815186 2.323830 -1.204660
0.815186 2.323830 1.204660
0.820938 2.339060 -0.820938
0.820938 2.339060 0.820938
0.825000 2.400000 0.000000
0.843750 0.000000 -1.246880
0.843750 0.000000 1.246880
0.843750 2.250000 -1.246880
0.843750 2.250000 1.246880
0.868654 2.369530 -0.473023
0.868654 2.369530 0.473023
0.876660 0.343945 -1.609890
0.876660 0.343945 1.609890
0.884537 2.286910 -1.071350
0.884537 2.286910 1.071350
0.885531 2.336130 -1.072550
0.885531 2.336130 1.072550
0.887695 0.085547 -1.311820
0.887695 0.085547 1.311820
0.895266 2.299800 -0.895266
0.895266 2.299800 0.895266
0.907402 2.336130 -1.099040
0.907402 2.336130 1.099040
0.907437 1.286130 -1.666400
0.907437 1.286130 1.666400
0.923000 2.250000 -0.923000
0.923000 2.250000 0.923000
0.931218 0.522583 -1.710080
0.931218 0.522583 1.710080
0.931373 2.319430 -0.768968
0.931373 2.319430 0.768968
0.938220 2.286910 -1.136370
0.938220 2.286910 1.136370
0.942332 2.369530 -0.295330
0.942332 2.369530 0.295330
0.944741 0.925195 -1.734910
0.944741 0.925195 1.734910
0.949871 0.670825 -1.744330
0.949871 0.670825 1.744330
0.961133 2.339060 -0.650391
0.961133 2.339060 0.650391
0.979229 0.042773 -1.186040
0.979229 0.042773 1.186040
0.980133 2.323830 -0.980133
0.980133 2.323830 0.980133
0.980719 2.369530 -0.100920
0.980719 2.369530 0.100920
0.984375 0.234375 -1.454690
0.984375 0.234375 1.454690
0.986761 2.274900 -0.814698
0.986761 2.274900 0.814698
0.994000 2.250000 -0.994000
0.994000 2.250000 0.994000
0.996219 2.348440 -0.996219
0.996219 2.348440 0.996219
1.028940 2.323830 -1.028940
1.028940 2.323830 1.028940
1.037110 1.471870 -1.532620
1.037110 1.471870 1.532620
1.048150 2.299800 -0.709277
1.048150 2.299800 0.709277
1.058760 0.159961 -1.282370
1.058760 0.159961 1.282370
1.059790 2.319430 -0.577104
1.059790 2.319430 0.577104
1.063730 1.860940 -1.288390
1.063730 1.860940 1.288390
1.065000 0.000000 -1.065000
1.065000 0.000000 1.065000
1.065000 2.250000 -1.065000
1.065000 2.250000 1.065000
1.066640 2.339060 -0.453828
1.066640 2.339060 0.453828
1.071350 2.286910 -0.884537
1.071350 2.286910 0.884537
1.072550 2.336130 -0.885531
1.072550 2.336130 0.885531
1.080630 2.250000 -0.731250
1.080630 2.250000 0.731250
1.081060 0.453516 -1.597560
1.081060 0.453516 1.597560
1.099040 2.336130 -0.907402
1.099040 2.336130 0.907402
1.100830 1.100390 -1.626780
1.100830 1.100390 1.626780
1.112920 0.591650 -1.644640
1.112920 0.591650 1.644640
1.120470 0.085547 -1.120470
1.120470 0.085547 1.120470
1.122810 2.274900 -0.611424
1.122810 2.274900 0.611424
1.125000 0.750000 -1.662500
1.125000 0.750000 1.662500
1.133120 2.339060 -0.235586
1.133120 2.339060 0.235586
1.136370 2.286910 -0.938220
1.136370 2.286910 0.938220
1.147520 2.323830 -0.776514
1.147520 2.323830 0.776514
1.149680 2.319430 -0.360312
1.149680 2.319430 0.360312
1.156250 2.339060 0.000000
1.163220 2.299800 -0.494918
1.163220 2.299800 0.494918
1.163750 2.250000 -0.787500
1.163750 2.250000 0.787500
1.166350 2.348440 -0.789258
1.166350 2.348440 0.789258
1.168120 0.343945 -1.414820
1.168120 0.343945 1.414820
1.186040 0.042773 -0.979229
1.186040 0.042773 0.979229
1.196510 2.319430 -0.123125
1.196510 2.319430 0.123125
1.199250 2.250000 -0.510250
1.199250 2.250000 0.510250
1.204660 2.323830 -0.815186
1.204660 2.323830 0.815186
1.209120 1.286130 -1.464490
1.209120 1.286130 1.464490
1.218050 2.274900 -0.381740
1.218050 2.274900 0.381740
1.219060 2.286910 -0.663837
1.219060 2.286910 0.663837
1.220430 2.336130 -0.664583
1.220430 2.336130 0.664583
1.235720 2.299800 -0.256916
1.235720 2.299800 0.256916
1.240810 0.522583 -1.502870
1.240810 0.522583 1.502870
1.242500 0.234375 -1.242500
1.242500 0.234375 1.242500
1.246880 0.000000 -0.843750
1.246880 0.000000 0.843750
1.246880 2.250000 -0.843750
1.246880 2.250000 0.843750
1.250570 2.336130 -0.680997
1.250570 2.336130 0.680997
1.258830 0.925195 -1.524690
1.258830 0.925195 1.524690
1.260940 2.299800 0.000000
1.265670 0.670825 -1.532970
1.265670 0.670825 1.532970
1.267660 2.274900 -0.130448
1.267660 2.274900 0.130448
1.273480 2.323830 -0.541834
1.273480 2.323830 0.541834
1.274000 2.250000 -0.264875
1.274000 2.250000 0.264875
1.282370 0.159961 -1.058760
1.282370 0.159961 1.058760
1.288390 1.860940 -1.063730
1.288390 1.860940 1.063730
1.291500 2.250000 -0.549500
1.291500 2.250000 0.549500
1.293050 2.286910 -0.704126
1.293050 2.286910 0.704126
1.294380 2.348440 -0.550727
1.294380 2.348440 0.550727
1.300000 2.250000 0.000000
1.309060 1.471870 -1.309060
1.309060 1.471870 1.309060
1.311820 0.085547 -0.887695
1.311820 0.085547 0.887695
1.322460 2.286910 -0.414464
1.322460 2.286910 0.414464
1.323950 2.336130 -0.414929
1.323950 2.336130 0.414929
1.336900 2.323830 -0.568818
1.336900 2.323830 0.568818
1.349570 0.042773 -0.734902
1.349570 0.042773 0.734902
1.352860 2.323830 -0.281271
1.352860 2.323830 0.281271
1.356650 2.336130 -0.425177
1.356650 2.336130 0.425177
1.364530 0.453516 -1.364530
1.364530 0.453516 1.364530
1.372000 2.250000 -0.285250
1.372000 2.250000 0.285250
1.375060 2.348440 -0.285887
1.375060 2.348440 0.285887
1.376330 2.286910 -0.141630
1.376330 2.286910 0.141630
1.377880 2.336130 -0.141789
1.377880 2.336130 0.141789
1.380470 2.323830 0.000000
1.383750 0.000000 -0.588750
1.383750 0.000000 0.588750
1.383750 2.250000 -0.588750
1.383750 2.250000 0.588750
1.389490 1.100390 -1.389490
1.389490 1.100390 1.389490
1.400000 2.250000 0.000000
1.402720 2.286910 -0.439618
1.402720 2.286910 0.439618
1.403130 2.348440 0.000000
1.404750 0.591650 -1.404750
1.404750 0.591650 1.404750
1.411910 2.336130 -0.145291
1.411910 2.336130 0.145291
1.414820 0.343945 -1.168120
1.414820 0.343945 1.168120
1.420000 0.750000 -1.420000
1.420000 0.750000 1.420000
1.420230 2.323830 -0.295278
1.420230 2.323830 0.295278
1.449220 2.323830 0.000000
1.454690 0.234375 -0.984375
1.454690 0.234375 0.984375
1.455820 0.085547 -0.619414
1.455820 0.085547 0.619414
1.459170 0.159961 -0.794590
1.459170 0.159961 0.794590
1.459860 2.286910 -0.150226
1.459860 2.286910 0.150226
1.464030 0.042773 -0.458833
1.464030 0.042773 0.458833
1.464490 1.286130 -1.209120
1.464490 1.286130 1.209120
1.466020 1.860940 -0.798320
1.466020 1.860940 0.798320
1.470000 0.000000 -0.305625
1.470000 0.000000 0.305625
1.470000 2.250000 -0.305625
1.470000 2.250000 0.305625
1.500000 0.000000 0.000000
1.500000 2.250000 0.000000
1.502870 0.522583 -1.240810
1.502870 0.522583 1.240810
1.523670 0.042773 -0.156792
1.523670 0.042773 0.156792
1.524690 0.925195 -1.258830
1.524690 0.925195 1.258830
1.532620 1.471870 -1.037110
1.532620 1.471870 1.037110
1.532970 0.670825 -1.265670
1.532970 0.670825 1.265670
1.546560 0.085547 -0.321543
1.546560 0.085547 0.321543
1.578130 0.085547 0.000000
1.582940 0.159961 -0.496099
1.582940 0.159961 0.496099
1.590370 1.860940 -0.498428
1.590370 1.860940 0.498428
1.597560 0.453516 -1.081060
1.597560 0.453516 1.081060
1.609890 0.343945 -0.876660
1.609890 0.343945 0.876660
1.614370 0.234375 -0.686875
1.614370 0.234375 0.686875
1.626780 1.100390 -1.100830
1.626780 1.100390 1.100830
1.644640 0.591650 -1.112920
1.644640 0.591650 1.112920
1.647420 0.159961 -0.169526
1.647420 0.159961 0.169526
1.655160 1.860940 -0.170322
1.655160 1.860940 0.170322
1.662500 0.750000 -1.125000
1.662500 0.750000 1.125000
1.666400 1.286130 -0.907437
1.666400 1.286130 0.907437
1.700000 0.450000 0.000000
1.700000 0.485449 -0.216563
1.700000 0.485449 0.216563
1.700000 0.578906 -0.371250
1.700000 0.578906 0.371250
1.700000 0.711035 -0.464063
1.700000 0.711035 0.464063
1.700000 0.862500 -0.495000
1.700000 0.862500 0.495000
1.700000 1.013970 -0.464063
1.700000 1.013970 0.464063
1.700000 1.146090 -0.371250
1.700000 1.146090 0.371250
1.700000 1.239550 -0.216563
1.700000 1.239550 0.216563
1.700000 1.275000 0.000000
1.700860 1.471870 -0.723672
1.700860 1.471870 0.723672
1.710080 0.522583 -0.931218
1.710080 0.522583 0.931218
1.715000 0.234375 -0.356562
1.715000 0.234375 0.356563
1.734910 0.925195 -0.944741
1.734910 0.925195 0.944741
1.744330 0.670825 -0.949871
1.744330 0.670825 0.949871
1.746440 0.343945 -0.547339
1.746440 0.343945 0.547339
1.750000 0.234375 0.000000
1.772930 0.453516 -0.754336
1.772930 0.453516 0.754336
1.805360 1.100390 -0.768135
1.805360 1.100390 0.768135
1.806870 1.471870 -0.375664
1.806870 1.471870 0.375664
1.807750 1.286130 -0.566554
1.807750 1.286130 0.566554
1.808680 0.669440 -0.415335
1.808680 0.669440 0.415335
1.815230 0.556498 -0.292881
1.815230 0.556498 0.292881
1.817580 0.343945 -0.187036
1.817580 0.343945 0.187036
1.818500 0.493823 -0.107904
1.818500 0.493823 0.107904
1.825180 0.591650 -0.776567
1.825180 0.591650 0.776567
1.843750 1.471870 0.000000
1.844080 1.273110 -0.106836
1.844080 1.273110 0.106836
1.845000 0.750000 -0.785000
1.845000 0.750000 0.785000
1.849890 1.212450 -0.289984
1.849890 1.212450 0.289984
1.855120 0.522583 -0.581402
1.855120 0.522583 0.581402
1.860070 1.106280 -0.412082
1.860070 1.106280 0.412082
1.872860 0.972820 -0.473131
1.872860 0.972820 0.473131
1.881390 1.286130 -0.193602
1.881390 1.286130 0.193602
1.882060 0.925195 -0.589845
1.882060 0.925195 0.589845
1.883440 0.453516 -0.391582
1.883440 0.453516 0.391582
1.886520 0.830257 -0.473131
1.886520 0.830257 0.473131
1.892280 0.670825 -0.593047
1.892280 0.670825 0.593047
1.908980 0.762851 -0.457368
1.908980 0.762851 0.457368
1.917890 1.100390 -0.398745
1.917890 1.100390 0.398745
1.921880 0.453516 0.000000
1.925720 0.624968 -0.368660
1.925720 0.624968 0.368660
1.930690 0.522583 -0.198676
1.930690 0.522583 0.198676
1.935200 0.536667 -0.215052
1.935200 0.536667 0.215052
1.938790 0.503174 0.000000
1.938950 0.591650 -0.403123
1.938950 0.591650 0.403123
1.957030 1.100390 0.000000
1.958730 0.925195 -0.201561
1.958730 0.925195 0.201561
1.960000 0.750000 -0.407500
1.960000 0.750000 0.407500
1.969370 0.670825 -0.202656
1.969370 0.670825 0.202656
1.978520 0.591650 0.000000
1.984960 1.304590 0.000000
1.991360 1.273310 -0.210782
1.991360 1.273310 0.210782
2.000000 0.750000 0.000000
2.007990 0.721263 -0.409761
2.007990 0.721263 0.409761
2.008210 1.190840 -0.361340
2.008210 1.190840 0.361340
2.024710 0.614949 -0.288958
2.024710 0.614949 0.288958
2.032050 1.074240 -0.451675
2.032050 1.074240 0.451675
2.033790 0.556062 -0.106458
2.033790 0.556062 0.106458
2.059380 0.940576 -0.481787
2.059380 0.940576 0.481787
2.086440 1.330480 -0.101581
2.086440 1.330480 0.101581
2.086700 0.806915 -0.451675
2.086700 0.806915 0.451675
2.101410 1.278150 -0.275720
2.101410 1.278150 0.275720
2.110530 0.690317 -0.361340
2.110530 0.690317 0.361340
2.127390 0.607845 -0.210782
2.127390 0.607845 0.210782
2.127600 1.186560 -0.391812
2.127600 1.186560 0.391812
2.133790 0.576563 0.000000
2.160540 1.071430 -0.449859
2.160540 1.071430 0.449859
2.169220 0.790259 -0.399360
2.169220 0.790259 0.399360
2.179690 1.385160 0.000000
2.189760 1.358870 -0.195542
2.189760 1.358870 0.195542
2.194810 0.691761 -0.281559
2.194810 0.691761 0.281559
2.195710 0.948444 -0.449859
2.195710 0.948444 0.449859
2.208370 0.637082 -0.103732
2.208370 0.637082 0.103732
2.216310 1.289570 -0.335215
2.216310 1.289570 0.335215
2.220200 0.891314 -0.434457
2.220200 0.891314 0.434457
2.248570 1.433000 -0.092384
2.248570 1.433000 0.092384
2.253840 1.191600 -0.419019
2.253840 1.191600 0.419019
2.259440 0.772489 -0.349967
2.259440 0.772489 0.349967
2.268570 1.390160 -0.250758
2.268570 1.390160 0.250758
2.281890 0.696393 -0.204147
2.281890 0.696393 0.204147
2.290410 0.667529 0.000000
2.296880 1.079300 -0.446953
2.296880 1.079300 0.446953
2.299250 0.874953 -0.384664
2.299250 0.874953 0.384664
2.303580 1.315200 -0.356340
2.303580 1.315200 0.356340
2.306440 1.504400 0.000000
2.318380 1.483560 -0.173996
2.318380 1.483560 0.173996
2.330690 0.784406 -0.271218
2.330690 0.784406 0.271218
2.339910 0.966989 -0.419019
2.339910 0.966989 0.419019
2.347590 0.734271 -0.099922
2.347590 0.734271 0.099922
2.347590 1.220960 -0.409131
2.347590 1.220960 0.409131
2.349840 1.428640 -0.298279
2.349840 1.428640 0.298279
2.353180 1.568160 -0.080823
2.353180 1.568160 0.080823
2.375750 1.535310 -0.219377
2.375750 1.535310 0.219377
2.377440 0.869019 -0.335215
2.377440 0.869019 0.335215
2.387500 1.650000 0.000000
2.394320 1.350980 -0.372849
2.394320 1.350980 0.372849
2.394600 1.120300 -0.409131
2.394600 1.120300 0.409131
2.400390 1.634690 -0.149297
2.400390 1.634690 0.149297
2.403990 0.799722 -0.195542
2.403990 0.799722 0.195542
2.414060 0.773438 0.000000
2.415240 1.477810 -0.311747
2.415240 1.477810 0.311747
2.434380 1.594340 -0.255938
2.434380 1.594340 0.255938
2.438610 1.026060 -0.356340
2.438610 1.026060 0.356340
2.445310 1.261960 -0.397705
2.445310 1.261960 0.397705
2.451680 1.805340 -0.063087
2.451680 1.805340 0.063087
2.464890 1.405520 -0.357931
2.464890 1.405520 0.357931
2.473620 0.951099 -0.250758
2.473620 0.951099 0.250758
2.477680 1.786380 -0.171237
2.477680 1.786380 0.171237
2.482420 1.537280 -0.319922
2.482420 1.537280 0.319922
2.493620 0.908264 -0.092384
2.493620 0.908264 0.092384
2.496300 1.172950 -0.372849
2.496300 1.172950 0.372849
2.501560 1.971090 0.000000
2.517270 1.965550 -0.103052
2.517270 1.965550 0.103052
2.517920 1.328310 -0.357931
2.517920 1.328310 0.357931
2.523180 1.753220 -0.243336
2.523180 1.753220 0.243336
2.537500 1.471870 -0.341250
2.537500 1.471870 0.341250
2.540780 1.095290 -0.298279
2.540780 1.095290 0.298279
2.549110 2.044640 -0.047716
2.549110 2.044640 0.047716
2.558690 1.950950 -0.176660
2.558690 1.950950 0.176660
2.567570 1.256030 -0.311747
2.567570 1.256030 0.311747
2.572250 1.040360 -0.173996
2.572250 1.040360 0.173996
2.579100 2.121970 0.000000
2.580390 1.711530 -0.279386
2.580390 1.711530 0.279386
2.581010 2.037730 -0.129515
2.581010 2.037730 0.129515
2.584180 1.019530 0.000000
2.592580 1.406470 -0.319922
2.592580 1.406470 0.319922
2.598490 2.119920 -0.087812
2.598490 2.119920 0.087812
2.601780 1.554720 -0.304019
2.601780 1.554720 0.304019
2.607070 1.198530 -0.219377
2.607070 1.198530 0.219377
2.611620 1.691280 -0.287908
2.611620 1.691280 0.287908
2.617250 1.930310 -0.220825
2.617250 1.930310 0.220825
2.629630 1.165680 -0.080823
2.629630 1.165680 0.080823
2.637880 2.025550 -0.180818
2.637880 2.025550 0.180818
2.640630 1.349410 -0.255938
2.640630 1.349410 0.255938
2.649600 2.114510 -0.150535
2.649600 2.114510 0.150535
2.650840 2.185470 -0.042461
2.650840 2.185470 0.042461
2.653910 1.504200 -0.264113
2.653910 1.504200 0.264113
2.665420 1.649250 -0.266995
2.665420 1.649250 0.266995
2.674610 1.309060 -0.149297
2.674610 1.309060 0.149297
2.678230 1.782540 -0.252819
2.678230 1.782540 0.252819
2.684380 1.906640 -0.235547
2.684380 1.906640 0.235547
2.687500 1.293750 0.000000
2.691900 2.183610 -0.115251
2.691900 2.183610 0.115251
2.696450 1.463800 -0.185857
2.696450 1.463800 0.185857
2.700000 2.250000 0.000000
2.708080 2.010370 -0.208084
2.708080 2.010370 0.208084
2.717030 1.611670 -0.213596
2.717030 1.611670 0.213596
2.720760 1.440720 -0.068474
2.720760 1.440720 0.068474
2.725780 2.250000 -0.082031
2.725780 2.250000 0.082031
2.725990 2.106430 -0.175250
2.725990 2.106430 0.175250
2.736000 1.751550 -0.219519
2.736000 1.751550 0.219519
2.750210 2.269190 -0.039734
2.750210 2.269190 0.039734
2.751500 1.882970 -0.220825
2.751500 1.882970 0.220825
2.753540 1.585080 -0.124598
2.753540 1.585080 0.124598
2.767380 1.575000 0.000000
2.775560 2.284000 0.000000
2.780990 1.994370 -0.208084
2.780990 1.994370 0.208084
2.783030 1.726700 -0.154476
2.783030 1.726700 0.154476
2.793750 2.250000 -0.140625
2.793750 2.250000 0.140625
2.797820 2.271750 -0.107849
2.797820 2.271750 0.107849
2.799490 2.292750 -0.076904
2.799490 2.292750 0.076904
2.800000 2.250000 0.000000
2.804690 2.098100 -0.200713
2.804690 2.098100 0.200713
2.809900 1.712500 -0.056912
2.809900 1.712500 0.056912
2.810060 1.862330 -0.176660
2.810060 1.862330 0.176660
2.812010 2.178150 -0.169843
2.812010 2.178150 0.169843
2.812740 2.297540 -0.035632
2.812740 2.297540 0.035632
2.817190 2.250000 -0.049219
2.817190 2.250000 0.049219
2.825000 2.306250 0.000000
2.830110 2.271290 -0.025891
2.830110 2.271290 0.025891
2.840630 2.292190 0.000000
2.844790 2.299640 -0.029993
2.844790 2.299640 0.029993
2.850920 2.307160 -0.065625
2.850920 2.307160 0.065625
2.851180 1.979190 -0.180818
2.851180 1.979190 0.180818
2.851480 1.847730 -0.103052
2.851480 1.847730 0.103052
2.860480 2.300930 -0.096716
2.860480 2.300930 0.096716
2.862500 2.250000 -0.084375
2.862500 2.250000 0.084375
2.862630 2.292980 -0.054346
2.862630 2.292980 0.054346
2.865740 2.272010 -0.070276
2.865740 2.272010 0.070276
2.867190 1.842190 0.000000
2.872280 2.294250 -0.131836
2.872280 2.294250 0.131836
2.883390 2.089770 -0.175250
2.883390 2.089770 0.175250
2.888360 2.301190 -0.081409
2.888360 2.301190 0.081409
2.898270 2.170880 -0.194382
2.898270 2.170880 0.194382
2.908050 1.967000 -0.129515
2.908050 1.967000 0.129515
2.919240 2.309550 -0.112500
2.919240 2.309550 0.112500
2.920640 2.295070 -0.093164
2.920640 2.295070 0.093164
2.932790 2.131030 -0.172211
2.932790 2.131030 0.172211
2.939800 2.273260 -0.158936
2.939800 2.273260 0.158936
2.939960 1.960100 -0.047716
2.939960 1.960100 0.047716
2.959780 2.081680 -0.150535
2.959780 2.081680 0.150535
2.969950 2.274120 -0.103564
2.969950 2.274120 0.103564
3.000000 2.250000 -0.187500
3.000000 2.250000 -0.112500
3.000000 2.250000 0.112500
3.000000 2.250000 0.187500
3.002810 2.304840 -0.142529
3.002810 2.304840 0.142529
3.010890 2.076270 -0.087812
3.010890 2.076270 0.087812
3.015780 2.305710 -0.119971
3.015780 2.305710 0.119971
3.030270 2.074220 0.000000
3.041500 2.125670 -0.116276
3.041500 2.125670 0.116276
3.043230 2.211080 -0.166431
3.043230 2.211080 0.166431
3.068420 2.173450 -0.143215
3.068420 2.173450 0.143215
3.079290 2.123060 -0.042838
3.079290 2.123060 0.042838
3.093160 2.298780 -0.175781
3.093160 2.298780 0.175781
3.096680 2.301420 -0.124219
3.096680 2.301420 0.124219
3.126560 2.316800 -0.150000
3.126560 2.316800 0.150000
3.126720 2.277290 -0.103564
3.126720 2.277290 0.103564
3.126910 2.171280 -0.083542
3.126910 2.171280 0.083542
3.137500 2.250000 -0.084375
3.137500 2.250000 0.084375
3.149100 2.170460 0.000000
3.153370 2.275520 -0.158936
3.153370 2.275520 0.158936
3.168950 2.211180 -0.112353
3.168950 2.211180 0.112353
3.182810 2.250000 -0.049219
3.182810 2.250000 0.049219
3.200000 2.250000 0.000000
3.206250 2.250000 -0.140625
3.206250 2.250000 0.140625
3.207460 2.312510 -0.119971
3.207460 2.312510 0.119971
3.212560 2.210430 -0.041393
3.212560 2.210430 0.041393
3.216920 2.310730 -0.142529
3.216920 2.310730 0.142529
3.230940 2.279400 -0.070276
3.230940 2.279400 0.070276
3.267240 2.278140 -0.025891
3.267240 2.278140 0.025891
3.272720 2.307760 -0.093164
3.272720 2.307760 0.093164
3.274220 2.250000 -0.082031
3.274220 2.250000 0.082031
3.295340 2.277030 -0.107849
3.295340 2.277030 0.107849
3.300000 2.250000 0.000000
3.314050 2.303310 -0.131836
3.314050 2.303310 0.131836
3.330730 2.309850 -0.054346
3.330730 2.309850 0.054346
3.333890 2.324050 -0.112500
3.333890 2.324050 0.112500
3.334890 2.317020 -0.081409
3.334890 2.317020 0.081409
3.342360 2.280060 -0.039734
3.342360 2.280060 0.039734
3.355430 2.302700 0.000000
3.359250 2.314650 -0.096716
3.359250 2.314650 0.096716
3.379120 2.316580 -0.029993
3.379120 2.316580 0.029993
3.386840 2.304810 -0.076904
3.386840 2.304810 0.076904
3.402210 2.326440 -0.065625
3.402210 2.326440 0.065625
3.406390 2.318500 -0.035632
3.406390 2.318500 0.035632
3.408380 2.315430 0.000000
3.428120 2.327340 0.000000
